normal (size = 6):
1476335
41
2234
1039
7923
2210
3937
23
6846
13734
1254
670
118832
2856
365037
38271
150

ff (size = 6):
8077
588
106257
1597
180123
1500753
150356
134
276
419160
36209
137236
76131
1841
175386
47467
419
19
1212
344560

ffc (size = 6):
304
109
53091
547383
398340
28525
28860
1248
32
32245
12089
112896
1181325
761
11142
2570
12057
184601
3874
1908
1128632

bisect (size = 6):
1643720
27
45125
19202
29597
1966
88565
47164
13290
849
383
14798
569
33084
22
193
75
95156
2198
871
1201413
46
1263

step (size = 6):
1482
3918
3528
22381
1398
158575
2701
3158
82450
360901
644455
95643
623381
87650
2260113
120062
1133516
16902